1 1
2 1
3 1
4 1
5 1
6 1
7 1
8 1
9 1
10 1
11 1
12 1
13 1
14 1
15 1
16 1
17 2
18 2
19 2
20 2
21 2
22 2
23 2
24 2
25 2
26 2
27 2
28 2
29 2
30 2
31 2
32 2
33 3
34 3
35 3
36 3
37 3
38 3
39 3
40 3
41 3
42 3
43 3
44 3
45 3
46 3
47 3
48 3
49 4
50 4
51 4
52 4
53 4
54 4
55 4
56 4
57 4
58 4
59 4
60 4
61 4
62 4
63 4
64 4
65 5
66 5
67 5
68 5
69 5
70 5
71 5
72 5
73 5
74 5
75 5
76 5
77 5
78 5
79 5
80 5
81 6
82 6
83 6
84 6
85 6
86 6
87 6
88 6
89 6
90 6
91 6
92 6
93 6
94 6
95 6
96 6
97 7
98 7
99 7
100 7
101 7
102 7
103 7
104 7
105 7
106 7
107 7
108 7
109 7
110 7
111 7
112 7
113 8
114 8
115 8
116 8
117 8
118 8
119 8
120 8
121 8
122 8
123 8
124 8
125 8
126 8
127 8
128 8
129 9
130 9
131 9
132 9
133 9
134 9
135 9
136 9
137 9
138 9
139 9
140 9
141 9
142 9
143 9
144 9
145 10
146 10
147 10
148 10
149 10
150 10
151 10
152 10
153 10
154 10
155 10
156 10
157 10
158 10
159 10
160 10
161 11
162 11
163 11
164 11
165 11
166 11
167 11
168 11
169 11
170 11
171 11
172 11
173 11
174 11
175 11
176 11
177 12
178 12
179 12
180 12
181 12
182 12
183 12
184 12
185 12
186 12
187 12
188 12
189 12
190 12
191 12
192 12
193 13
194 13
195 13
196 13
197 13
198 13
199 13
200 13
201 13
202 13
203 13
204 13
205 13
206 13
207 13
208 13
209 14
210 14
211 14
212 14
213 14
214 14
215 14
216 14
217 14
218 14
219 14
220 14
221 14
222 14
223 14
224 14
225 15
226 15
227 15
228 15
229 15
230 15
231 15
232 15
233 15
234 15
235 15
236 15
237 15
238 15
239 15
240 15
241 16
242 16
243 16
244 16
245 16
246 16
247 16
248 16
249 16
250 16
251 16
252 16
253 16
254 16
255 16
256 16
257 17
258 17
259 17
260 17
261 17
262 17
263 17
264 17
265 17
266 17
267 17
268 17
269 17
270 17
271 17
272 17
273 18
274 18
275 18
276 18
277 18
278 18
279 18
280 18
281 18
282 18
283 18
284 18
285 18
286 18
287 18
288 18
289 19
290 19
291 19
292 19
293 19
294 19
295 19
296 19
297 19
298 19
299 19
300 19
301 19
302 19
303 19
304 19
305 20
306 20
307 20
308 20
309 20
310 20
311 20
312 20
313 20
314 20
315 20
316 20
317 20
318 20
319 20
320 20
321 21
322 21
323 21
324 21
325 21
326 21
327 21
328 21
329 21
330 21
331 21
332 21
333 21
334 21
335 21
336 21
337 22
338 22
339 22
340 22
341 22
342 22
343 22
344 22
345 22
346 22
347 22
348 22
349 22
350 22
351 22
352 22
353 23
354 23
355 23
356 23
357 23
358 23
359 23
360 23
361 23
362 23
363 23
364 23
365 23
366 23
367 23
368 23
369 24
370 24
371 24
372 24
373 24
374 24
375 24
376 24
377 24
378 24
379 24
380 24
381 24
382 24
383 24
384 24
385 25
386 25
387 25
388 25
389 25
390 25
391 25
392 25
393 25
394 25
395 25
396 25
397 25
398 25
399 25
400 25
401 26
402 26
403 26
404 26
405 26
406 26
407 26
408 26
409 26
410 26
411 26
412 26
413 26
414 26
415 26
416 26
417 27
418 27
419 27
420 27
421 27
422 27
423 27
424 27
425 27
426 27
427 27
428 27
429 27
430 27
431 27
432 27
433 28
434 28
435 28
436 28
437 28
438 28
439 28
440 28
441 28
442 28
443 28
444 28
445 28
446 28
447 28
448 28
449 29
450 29
451 29
452 29
453 29
454 29
455 29
456 29
457 29
458 29
459 29
460 29
461 29
462 29
463 29
464 29
465 30
466 30
467 30
468 30
469 30
470 30
471 30
472 30
473 30
474 30
475 30
476 30
477 30
478 30
479 30
480 30
481 31
482 31
483 31
484 31
485 31
486 31
487 31
488 31
489 31
490 31
491 31
492 31
493 31
494 31
495 31
496 31
497 32
498 32
499 32
500 32
501 32
502 32
503 32
504 32
505 32
506 32
507 32
508 32
509 32
510 32
511 32
512 32
513 33
514 33
515 33
516 33
517 33
518 33
519 33
520 33
521 33
522 33
523 33
524 33
525 33
526 33
527 33
528 33
529 34
530 34
531 34
532 34
533 34
534 34
535 34
536 34
537 34
538 34
539 34
540 34
541 34
542 34
543 34
544 34
545 35
546 35
547 35
548 35
549 35
550 35
551 35
552 35
553 35
554 35
555 35
556 35
557 35
558 35
559 35
560 35
561 36
562 36
563 36
564 36
565 36
566 36
567 36
568 36
569 36
570 36
571 36
572 36
573 36
574 36
575 36
576 36
577 37
578 37
579 37
580 37
581 37
582 37
583 37
584 37
585 37
586 37
587 37
588 37
589 37
590 37
591 37
592 37
593 38
594 38
595 38
596 38
597 38
598 38
599 38
600 38
601 38
602 38
603 38
604 38
605 38
606 38
607 38
608 38
609 39
610 39
611 39
612 39
613 39
614 39
615 39
616 39
617 39
618 39
619 39
620 39
621 39
622 39
623 39
624 39
625 40
626 40
627 40
628 40
629 40
630 40
631 40
632 40
633 40
634 40
635 40
636 40
637 40
638 40
639 40
640 40
641 41
642 41
643 41
644 41
645 41
646 41
647 41
648 41
649 41
650 41
651 41
652 41
653 41
654 41
655 41
656 41
657 42
658 42
659 42
660 42
661 42
662 42
663 42
664 42
665 42
666 42
667 42
668 42
669 42
670 42
671 42
672 42
673 43
674 43
675 43
676 43
677 43
678 43
679 43
680 43
681 43
682 43
683 43
684 43
685 43
686 43
687 43
688 43
689 44
690 44
691 44
692 44
693 44
694 44
695 44
696 44
697 44
698 44
699 44
700 44
701 44
702 44
703 44
704 44
705 45
706 45
707 45
708 45
709 45
710 45
711 45
712 45
713 45
714 45
715 45
716 45
717 45
718 45
719 45
720 45
721 46
722 46
723 46
724 46
725 46
726 46
727 46
728 46
729 46
730 46
731 46
732 46
733 46
734 46
735 46
736 46
737 47
738 47
739 47
740 47
741 47
742 47
743 47
744 47
745 47
746 47
747 47
748 47
749 47
750 47
751 47
752 47
753 48
754 48
755 48
756 48
757 48
758 48
759 48
760 48
761 48
762 48
763 48
764 48
765 48
766 48
767 48
768 48
769 49
770 49
771 49
772 49
773 49
774 49
775 49
776 49
777 49
778 49
779 49
780 49
781 49
782 49
783 49
784 49
785 50
786 50
787 50
788 50
789 50
790 50
791 50
792 50
793 50
794 50
795 50
796 50
797 50
798 50
799 50
800 50
801 51
802 51
803 51
804 51
805 51
806 51
807 51
808 51
809 51
810 51
811 51
812 51
813 51
814 51
815 51
816 51
817 52
818 52
819 52
820 52
821 52
822 52
823 52
824 52
825 52
826 52
827 52
828 52
829 52
830 52
831 52
832 52
833 53
834 53
835 53
836 53
837 53
838 53
839 53
840 53
841 53
842 53
843 53
844 53
845 53
846 53
847 53
848 53
849 54
850 54
851 54
852 54
853 54
854 54
855 54
856 54
857 54
858 54
859 54
860 54
861 54
862 54
863 54
864 54
865 55
866 55
867 55
868 55
869 55
870 55
871 55
872 55
873 55
874 55
875 55
876 55
877 55
878 55
879 55
880 55
881 56
882 56
883 56
884 56
885 56
886 56
887 56
888 56
889 56
890 56
891 56
892 56
893 56
894 56
895 56
896 56
897 57
898 57
899 57
900 57
901 57
902 57
903 57
904 57
905 57
906 57
907 57
908 57
909 57
910 57
911 57
912 57
913 58
914 58
915 58
916 58
917 58
918 58
919 58
920 58
921 58
922 58
923 58
924 58
925 58
926 58
927 58
928 58
929 59
930 59
931 59
932 59
933 59
934 59
935 59
936 59
937 59
938 59
939 59
940 59
941 59
942 59
943 59
944 59
945 60
946 60
947 60
948 60
949 60
950 60
951 60
952 60
953 60
954 60
955 60
956 60
957 60
958 60
959 60
960 60
961 61
962 61
963 61
964 61
965 61
966 61
967 61
968 61
969 61
970 61
971 61
972 61
973 61
974 61
975 61
976 61
977 62
978 62
979 62
980 62
981 62
982 62
983 62
984 62
985 62
986 62
987 62
988 62
989 62
990 62
991 62
992 62
993 63
994 63
995 63
996 63
997 63
998 63
999 63
1000 63
